#x, y, z, radius, shape, name, comment
171,211,46,5,1,RMDVR,
196,221,56,5,1,RMDR,
200,232,49,5,1,AVER,
156,227,59,5,1,SMDVR,
157,186,55,5,1,RMER,
138,176,65,5,1,URYDR,
186,257,29,5,1,AVBR,
164,275,38,5,1,?,
218,274,33,5,1,AVDR,
222,284,38,5,1,RIMR,
238,257,62,5,1,SMDDR,
323,420,77,5,1,notannotated,
338,455,80,5,1,notannotated,
245,260,92,5,1,SMDDL,
233,239,94,5,1,RMDDL,
213,223,101,5,1,RMDL,
200,218,104,5,1,AVEL,
198,204,107,5,1,AVAL,
186,194,111,5,1,RMDVL,
168,178,111,5,1,RMEL,
162,214,111,5,1,SMDVL,
166,251,112,5,1,M1,
194,233,129,5,1,AVBL,
213,252,129,5,1,AVDL,
225,255,119,5,1,RIML,
