#x, y, z, radius, shape, name, comment
218,228,7,5,1,AVDR,
210,234,5,5,1,AVJR?,
192,156,18,5,1,AVER,
195,151,25,5,1,RMDR,
237,189,30,5,1,SMDDR,
221,173,30,5,1,RMDDR,
218,182,16,5,1,AIBR?,
156,154,26,5,1,RIAR,
144,161,26,5,1,SMDVR,
176,141,12,5,1,AVAR,
164,133,11,5,1,RMDVR,
148,114,23,5,1,RMER,
129,102,36,5,1,URYDR,
146,86,24,5,1,URYVR,
392,439,42,5,1,RIGL,
362,388,44,5,1,AVG,
359,373,51,5,1,RIGR,
280,268,70,5,1,RMGL,
250,186,57,5,1,SMDDL,
229,167,68,5,1,RMDDL,
214,158,78,5,1,RMDL,
198,132,86,5,1,AVAL,
186,127,86,5,1,RMDVL,
183,143,88,5,1,RIAL?,
171,142,92,5,1,?,
164,109,83,5,1,RMEL,
139,103,82,5,1,URYDL,
155,75,77,5,1,URYVL,
226,217,93,5,1,RIML,
227,193,82,5,1,AVDL,
221,175,87,5,1,AIBL?,
167,169,72,5,1,M1,
166,200,3,5,1,AVBR?,
227,205,17,5,1,RIMR,
207,154,80,5,1,AVEL,
