#x, y, z, radius, shape, name, comment
375,392,18,5,1,RIML,
375,381,15,5,1,AVDL,
398,331,29,5,1,M1,
360,379,39,5,1,AVBL,
346,407,53,5,1,SMDDL,
347,378,51,5,1,RMDDL,
353,360,43,5,1,RMDL,
355,349,36,5,1,AVEL,
346,341,33,5,1,AVAL,
345,326,28,5,1,RMDVL,
348,295,31,5,1,RMEL,
355,268,31,5,1,URYDL,
359,334,27,5,1,RIAL,
387,474,43,5,1,RIGL(bbut not likely),
355,382,82,5,1,RMDDR,
362,360,93,5,1,AVER,
357,344,90,5,1,RMDR,
359,323,98,5,1,AVAR,
359,308,100,5,1,RMDVR,
400,330,109,5,1,AVJR?,
385,310,94,5,1,SMDVR,
368,266,82,5,1,URYDR,
341,276,87,5,1,URYVR,
394,397,98,5,1,AVDR?,
390,381,108,5,1,AVBR?,
374,386,94,5,1,RIMR?,
351,388,65,5,1,AIBL?,
365,326,23,5,1,SMDVL,
354,409,84,5,1,SMDDR,
