#x, y, z, radius, shape, name, comment
182,192,44,5,1,RMER,
186,207,38,5,1,RMDVR,
192,219,39,5,1,AVAR,
213,227,44,5,1,RMDR,
206,232,46,5,1,AVER,
178,226,57,5,1,SMDVR,
187,274,40,5,1,AVDR,
197,271,28,5,1,AVBR,
204,269,23,5,1,notannotated,
211,267,22,5,1,RIMR,
243,240,53,5,1,RMDDR,
258,254,53,5,1,SMDDR,
359,433,54,5,1,notannotated,
343,401,61,5,1,notannotated,
264,252,87,5,1,SMDDL,
248,232,95,5,1,RMDDL,
230,226,114,5,1,AVEL,
226,218,104,5,1,RMDL,
217,206,113,5,1,AVAL,
208,198,117,5,1,RMDVL,
190,176,114,5,1,RMEL,
187,218,114,5,1,SMDVL,
208,254,120,5,1,AVBL,
230,251,135,5,1,AVDL,
243,259,133,5,1,RIML,
254,271,124,5,1,?,
300,333,101,5,1,notannotated,
