#x, y, z, radius, shape, name, comment
156,98,44,5,1,RMDVR,
164,107,41,5,1,AVAR,
176,116,46,5,1,AVER,
190,118,46,5,1,RMDR,
152,115,51,5,1,SMDVR,
149,79,52,5,1,RMER,
218,133,56,5,1,RMDDR,
232,152,59,5,1,SMDDR,
198,181,32,5,1,RIMR,
176,176,32,5,1,AVDR,
164,178,40,5,1,AVBR,
236,137,88,5,1,SMDDL,
219,119,93,5,1,RMDDL,
206,107,103,5,1,RMDL,
196,102,106,5,1,AVEL,
196,89,109,5,1,AVAL,
186,82,111,5,1,RMDVL,
168,94,119,5,1,SMDVL,
198,121,131,5,1,AIBL,
220,160,123,5,1,RIML,
214,152,128,5,1,AVDL/AVBL,
165,132,114,5,1,M1,
165,63,110,5,1,RMEL,
267,227,105,5,1,notannotated,
328,328,69,5,1,notannotated,
347,375,70,5,1,notannotated,
