#x, y, z, radius, shape, name, comment
248,128,47,5,1,RMDVR,
257,136,48,5,1,AVAR,
271,152,52,5,1,AVER,
273,145,58,5,1,RMDL,
301,172,73,5,1,RMDDR,
316,187,73,5,1,SMDDR,
292,183,53,5,1,AIBR,
289,206,51,5,1,RIMR,
283,210,45,5,1,AVDR,
262,206,40,5,1,AVBR,
257,210,41,5,1,notannotated,
231,145,57,5,1,SMDVR,
233,112,57,5,1,RMER,
416,352,80,5,1,notannotated,
446,396,80,5,1,notannotated,
315,183,100,5,1,SMDDL,
297,161,102,5,1,RMDDL,
277,144,112,5,1,RMDL,
270,140,116,5,1,AVEL,
248,125,121,5,1,AVAL,
251,117,117,5,1,RMDVL,
237,106,112,5,1,RMEL,
233,169,110,5,1,SMDVL?,
291,193,123,5,1,RIML,
284,185,131,5,1,AVDL,
265,161,133,5,1,AVBL,
260,155,132,5,1,AIBL,
