#x, y, z, radius, shape, name, comment
155,95,62,5,1,URYDR,
174,112,51,5,1,RMER,
187,133,42,5,1,RMDVR,
199,142,39,5,1,AVAR,
217,153,46,5,1,RMDR,
215,160,41,5,1,AVER,
180,153,48,5,1,SMDVR,
248,173,64,5,1,RMDDR,
269,195,64,5,1,SMDDR,
230,215,40,5,1,RIMR,
215,216,34,5,1,AVDR,
200,211,33,5,1,AVBR,
372,403,78,5,1,notannotated,
356,360,83,5,1,notannotated,
250,209,111,5,1,RIML,
227,201,141,5,1,AVDL,
223,181,142,5,1,AVBL,
185,164,123,5,1,M1,
191,104,114,5,1,RMEL,
203,118,121,5,1,RMDVL,
215,127,122,5,1,AVAL,
219,140,118,5,1,AVEL,
228,146,117,5,1,RMDL,
196,136,126,5,1,SMDVL,
247,162,98,5,1,RMDDL,
276,187,95,5,1,SMDDL,
