#x, y, z, radius, shape, name, comment
284,231,32,5,1,RMDVR,
299,248,40,5,1,RMER,
316,257,52,5,1,URYDR,
280,266,50,5,1,URYVR,
293,204,47,5,1,SMDVR,
283,214,38,5,1,RIAR,
267,220,36,5,1,AVAR,
255,208,44,5,1,AVER,
248,210,49,5,1,RMDR,
283,186,27,5,1,AVBR,
291,159,37,5,1,AVJR,
264,195,23,5,1,AVDR/AIBR?,
257,191,21,5,1,RIMR,
220,161,37,5,1,RIMR,
230,187,38,5,1,AIBR,
224,190,56,5,1,RMDDR,
211,173,67,5,1,SMDDR,
211,179,88,5,1,SMDDL,
287,275,88,5,1,URYVL,
285,257,100,5,1,RMEL,
295,226,100,5,1,SMDVL,
270,239,105,5,1,RMDVL,
273,227,100,5,1,RIAL,
256,229,100,5,1,AVAL,
289,199,103,5,1,AVBL?,
278,174,98,5,1,AVJL,
266,205,112,5,1,AVDL,
255,199,115,5,1,RIML?,
259,217,94,5,1,AVEL,
247,216,94,5,1,RMDL,
240,203,99,5,1,AIBL?,
221,195,90,5,1,RMDDL,
222,163,110,5,1,AIAL/RIML?,
179,105,93,5,1,RMGL,
139,39,73,5,1,RIGR,
129,32,84,5,1,AVG,
122,14,80,5,1,RIGL,
315,254,92,5,1,URYDL,
