#x, y, z, radius, shape, name, comment
260,230,36,5,1,RMDVR,
213,189,38,5,1,RIMR,
233,195,33,5,1,AVDR,
257,187,33,5,1,AVBR,
260,178,32,5,1,AVJR?,
273,283,46,5,1,URYVR,
295,265,56,5,1,URYDR,
274,259,41,5,1,RMER,
276,222,51,5,1,SMDVR,
264,224,48,5,1,RIAR,
250,225,43,5,1,AVAR,
237,223,53,5,1,RMDR,
231,212,56,5,1,AVER,
217,215,65,5,1,RMDDR,
219,202,50,5,1,AIBR?,
199,199,59,5,1,SMDDR?,
104,53,75,5,1,RIGR,
102,44,69,5,1,AVG,
80,4,73,5,1,RIGL,
193,197,86,5,1,SMDDL,
296,268,94,5,1,URYDL,
266,287,98,5,1,URYVL,
268,266,105,5,1,RMEL,
274,227,107,5,1,SMDVL,
266,228,103,5,1,RIAL,
251,245,113,5,1,RMDVL,
246,237,106,5,1,AVAL,
233,233,101,5,1,RMDL,
234,222,94,5,1,AVEL,
227,213,97,5,1,?,
210,216,90,5,1,RMDDL,
205,206,78,5,1,AIBL?,
209,195,109,5,1,RIML,
263,192,114,5,1,notannotated,
257,170,107,5,1,AVJL,
244,203,116,5,1,AVBL,
226,203,118,5,1,AVDL,
163,128,90,5,1,RMGL,
