#x, y, z, radius, shape, name, comment
265,406,23,5,1,RMDVR,
260,398,22,5,1,AVAR,
242,399,27,5,1,RMDR,
234,390,21,5,1,AVER,
286,380,39,5,1,SMDVR,
274,390,35,5,1,RIAR?,
206,376,40,5,1,RMDDR,
191,358,40,5,1,SMDDR,
255,334,23,5,1,AVDR/AVBR?,
238,332,19,5,1,AVDR/RIMR?,
215,356,19,5,1,RIMR/AIBR?,
278,434,34,5,1,RMER,
271,459,37,5,1,URYVR,
300,444,49,5,1,URYDR,
90,204,53,5,1,RIGR,
68,160,53,5,1,RIGL,
155,295,82,5,1,RMGL,
262,469,85,5,1,URYVL,
290,457,98,5,1,URYDL,
261,445,96,5,1,RMEL,
241,429,98,5,1,RMDVL,
262,416,105,5,1,SMDVL,
264,374,96,5,1,AVJL?,
244,416,97,5,1,AVAL,
219,407,88,5,1,RMDL,
203,394,76,5,1,RMDDL,
206,387,95,5,1,AIBL?,
199,356,99,5,1,AVDL?,
183,377,69,5,1,SMDDL,
213,373,114,5,1,AVDL?,
204,374,113,5,1,RIML/AIAL?,

