#x, y, z, radius, shape, name, comment
225,293,43,5,1,AVDL,
263,254,44,5,1,?,
226,274,39,5,1,AVBL,
219,292,60,5,1,RIML,
201,300,75,5,1,SMDDL,
201,278,75,5,1,RMDDL,
209,248,72,5,1,AVAL,
239,227,37,5,1,SMDVL,
202,245,54,5,1,RMDL,
205,232,48,5,1,RMDVL,
222,172,58,5,1,URYDL,
194,178,58,5,1,URY?,
190,189,67,5,1,URYVL,
187,173,102,5,1,URYVR,
224,162,96,5,1,URYDR,
238,207,110,5,1,SMDVR,
242,304,115,5,1,RIMR,
240,289,121,5,1,AVDR,
234,253,121,5,1,?,
208,298,100,5,1,AIAR,
208,271,96,5,1,RMDDR,
214,245,103,5,1,AVER,
212,237,102,5,1,AVAR,
212,214,116,5,1,RMDVR,
209,188,114,5,1,RMER,
216,266,110,5,1,AIBR?,
265,479,77,5,1,RIGR,
241,388,82,5,1,RMGR,
219,227,57,5,1,RIAR?,
275,232,92,5,1,?,
205,203,53,5,1,RMEL,
210,270,66,5,1,AVEL,
233,210,105,5,1,RIAR,
