#x, y, z, radius, shape, name, comment
119,96,46,5,1,RMER,
127,118,37,5,1,RMDVR,
135,126,39,5,1,AVAR,
152,131,49,5,1,RMDR/AVER,
156,141,45,5,1,AVER/RMDR,
182,152,55,5,1,RMDDR,
199,173,61,5,1,SMDDR,
183,200,37,5,1,RIMR,
164,172,23,5,1,AVDR,
127,161,31,5,1,AVBR?,
117,136,53,5,1,SMDVR,
304,370,62,5,1,notannotated,
294,341,59,5,1,notannnotated,
196,156,87,5,1,SMDDL,
179,141,91,5,1,RMDDL,
175,167,120,5,1,RIML,
156,152,125,5,1,AVDL,
127,150,96,5,1,M1,
128,140,122,5,1,AVBL,
157,122,101,5,1,RMDL,
152,126,108,5,1,AVEL,
144,109,107,5,1,AVAL,
134,98,113,5,1,RMDVL,
115,119,108,5,1,SMDVL,
226,230,93,5,1,notannotated,
