#x, y, z, radius, shape, name, comment
183,154,48,5,1,RMER,
160,147,59,5,1,URYDR,
185,129,59,5,1,URYVR,
199,174,41,5,1,RMDVR,
208,182,45,5,1,AVAR,
218,185,59,5,1,AVER/RMDR,
220,195,59,5,1,RMDR/AVER,
237,199,69,5,1,RMDDR,
258,214,76,5,1,SMDDR,
237,210,50,5,1,?,
254,243,45,5,1,RIMR,
241,239,31,5,1,AVDR,
202,221,31,5,1,AVBR?,
196,189,51,5,1,RIAR,
184,188,52,5,1,SMDVR,
355,385,79,5,1,notannotated,
373,427,79,5,1,notannotated,
261,214,101,5,1,SMDDL,
235,193,100,5,1,RMDDL,
220,183,109,5,1,RMDL,
213,184,114,5,1,AVEL,
210,169,120,5,1,AVAL,
198,161,125,5,1,RMDVL,
191,167,125,5,1,SMDVL,
181,143,119,5,1,RMEL,
186,127,113,5,1,URYVL,
160,138,113,5,1,URYDL,
235,214,134,5,1,RIML,
220,207,134,5,1,AVDL,
201,206,139,5,1,AVBL,
192,227,120,5,1,M1,
184,180,117,5,1,?,
292,310,103,5,1,notannotated,
