#x, y, z, radius, shape, name, comment
295,273,16,5,1,RIML,
316,275,49,5,1,AVDL,
267,271,42,5,1,RMDL,
262,258,26,5,1,AVAL,
264,242,24,5,1,RMDVL,
262,226,30,5,1,RMEL,
244,207,41,5,1,URYVL,
278,302,17,5,1,AIBL,
280,321,26,5,1,AIAL,
262,319,49,5,1,SMDDL,
260,299,50,5,1,RMDDL,
274,244,24,5,1,SMDVL,
297,401,37,5,1,RMGL,
307,464,64,5,1,RIGR,
317,503,77,5,1,AVG,
264,271,85,5,1,AVER,
258,305,84,5,1,RMDDR,
261,323,83,5,1,SMDDR,
260,252,101,5,1,AVAR,
263,239,103,5,1,RMDVR,
258,217,98,5,1,RMER,
243,203,90,5,1,URYVR,
274,270,108,5,1,AIBR,
282,325,101,5,1,AVDR,
274,312,101,5,1,AVBR,
