#x, y, z, radius, shape, name, comment
157,148,50,5,1,URYDR,
175,130,49,5,1,URYVR,
187,158,44,5,1,RMER,
172,181,40,5,1,RMDVR,
185,184,36,5,1,AVAR,
201,184,39,5,1,RMDR,
228,212,41,5,1,AIBR,
208,218,24,5,1,AVBR,
220,220,24,5,1,AVDR,
234,228,26,5,1,RIMR,
252,227,55,5,1,ASJR,
236,209,58,5,1,SMDDR,
216,196,54,5,1,RMDDR,
185,191,45,5,1,AVER,
280,296,87,5,1,RMGR,
342,366,86,5,1,RIGR,
359,401,86,5,1,AVG,
383,438,85,5,1,RIGL,
172,129,100,5,1,URYVL,
154,145,100,5,1,URYDL,
175,153,107,5,1,RMEL,
189,174,110,5,1,RMDVL,
184,181,109,5,1,AVEL,
176,188,99,5,1,SMDVL,
202,180,103,5,1,AVAL,
214,191,92,5,1,RMDDL,
208,192,99,5,1,RMDL,
208,214,120,5,1,AIBL,
226,218,117,5,1,RIML,
188,221,117,5,1,AVBL,
185,235,92,5,1,AVDL,
251,226,92,5,1,SMDDL,
