#x, y, z, radius, shape, name, comment
207,180,23,5,1,AVBL,
192,204,32,5,1,RIML,
179,141,29,5,1,RMDVL,
180,159,37,5,1,RMDL,
203,144,36,5,1,SMDVL,
190,151,41,5,1,AVAL,
232,185,41,5,1,landmark 7,
183,105,45,5,1,URYVL,
223,169,112,5,1,landmark 9,
185,164,53,5,1,AVEL,
180,175,55,5,1,RMDDL,
176,199,55,5,1,SMDDL,
202,281,51,5,1,landmark 13,
221,351,76,5,1,RIGR,
223,365,69,5,1,AVG,
232,388,69,5,1,RIGL,
183,192,87,5,1,AVDR,
195,192,109,5,1,RIMR,
191,134,113,5,1,RMDVR,
190,149,109,5,1,RMDR,
196,149,101,5,1,AVER,
164,103,98,5,1,URYVR,
209,141,96,5,1,SMDVR,
199,141,107,5,1,AVAR,
189,185,99,5,1,AVBR,
189,171,93,5,1,SMDDR,
184,167,93,5,1,RMDDR,
186,188,46,5,1,AIBL,
206,178,114,5,1,AIBR,
182,219,83,5,1,landmark 31,
