#x, y, z, radius, shape, name, comment
312,418,58,5,1,URYDR,
287,422,45,5,1,URYVR,
291,403,46,5,1,RMER,
280,375,39,5,1,RMDVR,
276,367,39,5,1,AVAR,
292,353,52,5,1,SMDVR,
281,364,51,5,1,RIAR?,
260,368,41,5,1,RMDR,
260,355,37,5,1,AVER,
260,338,28,5,1,?,
272,305,39,5,1,AVBR,
263,300,32,5,1,AVDR,
259,307,24,5,1,RIMR,
222,359,48,5,1,RMDDR,
205,341,46,5,1,SMDDR,
127,214,70,5,1,RIGR,
125,205,61,5,1,AVG,
113,191,65,5,1,RIGL,
170,261,92,5,1,RMGL?,
197,340,64,5,1,?,
211,356,72,5,1,notannotated,
203,354,88,5,1,SMDDL,
223,368,92,5,1,RMDDL,
313,428,105,5,1,URYDL,
282,435,103,5,1,URYVL,
281,409,111,5,1,RMEL,
281,363,107,5,1,SMDVL,
271,374,108,5,1,RIAL,
264,387,119,5,1,RMDVL,
262,333,112,5,1,AVBL,
258,316,130,5,1,RIML,
215,313,128,5,1,landmark 32,
256,382,114,5,1,AVAL,
245,379,107,5,1,RMDL,
242,369,110,5,1,AVEL,
233,357,118,5,1,?,
