#x, y, z, radius, shape, name, comment
145,153,56,5,1,URYDR,
161,162,41,5,1,RMER,
162,130,49,5,1,URYVR,
170,184,37,5,1,RMDVR,
180,188,39,5,1,AVAR,
200,194,48,5,1,RMDR,
194,200,42,5,1,AVER,
203,208,37,5,1,AIBR,
201,223,24,5,1,RIMR,
182,240,26,5,1,AVBR,
176,247,31,5,1,AVDR,
168,198,49,5,1,RIAR,
158,205,50,5,1,SMDVR,
222,203,56,5,1,RMDDR,
241,221,52,5,1,SMDDR,
320,345,65,5,1,RIGR,
339,365,62,5,1,AVG,
347,390,63,5,1,RIGL,
277,290,86,5,1,notannotated,
242,208,86,5,1,SMDDL,
227,193,89,5,1,RMDDL,
205,178,99,5,1,RMDL,
202,186,109,5,1,AVER,
190,167,109,5,1,AVAL,
182,156,113,5,1,RMDVL,
174,144,106,5,1,RMEL,
170,116,96,5,1,URYVL,
149,134,103,5,1,URYDL,
178,176,111,5,1,RIAL,
165,180,109,5,1,SMDVL,
195,200,124,5,1,AVBL,
210,205,128,5,1,AVDL,
229,218,124,5,1,RIML,
180,211,95,5,1,M1,
255,227,66,5,1,notannotated,
