#x, y, z, radius, shape, name, comment
287,204,40,5,1,RMDVL,
287,193,42,5,1,AVAL,
261,207,48,5,1,SMDVL,
305,238,54,5,1,URYDL,
277,254,52,5,1,URYVL,
288,228,46,5,1,RMEL,
281,176,60,5,1,AVEL,
288,171,60,5,1,RMDL,
284,157,55,5,1,AIBL,
293,144,66,5,1,RMDDL,
291,126,68,5,1,SMDDL,
282,137,50,5,1,RIML,
276,137,36,5,1,AVDL,
267,166,31,5,1,AVBL,
234,161,52,5,1,M1,
250,34,60,5,1,RIGL,
291,131,101,5,1,RMDDR,
288,121,90,5,1,SMDDR,
286,106,95,5,1,AIAR,
280,142,105,5,1,AVER?,
277,158,105,5,1,RMDR,
278,177,108,5,1,AVAR,
274,191,120,5,1,RMDVR,
278,217,114,5,1,RMER,
262,157,124,5,1,AVBR,
262,147,128,5,1,AVDR,
271,131,119,5,1,RIMR,
248,195,110,5,1,SMDVR,
266,240,103,5,1,URYVR,
