#x, y, z, radius, shape, name, comment
187,117,26,5,1,RMDVR,
196,123,29,5,1,AVAR,
211,131,41,5,1,RMDR/AVER?,
212,140,34,5,1,AVER/RMDR?,
233,148,49,5,1,RMDDR,
250,166,51,5,1,SMDDR,
176,96,36,5,1,RMER,
154,86,45,5,1,URYDR,
180,75,47,5,1,URYVR,
182,130,37,5,1,RIAR,
170,134,34,5,1,SMDVR,
225,190,26,5,1,RIMR,
216,186,18,5,1,AVDR,
188,177,13,5,1,AVBR,
333,325,54,5,1,notannotated,
342,339,55,5,1,notannotated,
353,365,52,5,1,notannotated,
250,162,82,5,1,SMDDL,
235,147,85,5,1,RMDDL,
212,132,104,5,1,AVEL/RMDL?,
211,125,99,5,1,RMDL/AVEL?,
199,115,105,5,1,AVAL,
188,105,108,5,1,RMDVL,
178,93,101,5,1,RMEL,
177,65,94,5,1,URYVL,
156,79,97,5,1,URYDL,
173,125,107,5,1,SMDVL,
171,159,94,5,1,M1,
199,159,129,5,1,AVBL,
216,174,125,5,1,AVDL,
230,177,114,5,1,RIML,
