#x, y, z, radius, shape, name, comment
166,145,58,5,1,RMER,
179,169,53,5,1,RMDVR,
191,175,55,5,1,AVAR,
201,191,57,5,1,AVER,
206,184,65,5,1,RMDR,
224,195,72,5,1,RMDDR,
242,214,76,5,1,SMDDR,
361,434,83,5,1,notannotated,
344,406,85,5,1,notannotated,
166,183,66,5,1,SMDVR,
190,217,42,5,1,AVBR,
175,234,47,5,1,?,
221,251,47,5,1,RIMR,
222,242,45,5,1,AVDR,
251,212,104,5,1,SMDDL,
234,192,104,5,1,RMDDL,
215,178,114,5,1,RMDL,
202,161,114,5,1,AVAL,
194,149,126,5,1,RMDVL,
180,160,128,5,1,SMDVL,
176,204,126,5,1,?,
231,227,131,5,1,RIML,
226,219,137,5,1,AVDL,
211,198,143,5,1,AVBL,
