#x, y, z, radius, shape, name, comment
194,121,48,5,1,URYVR,
169,129,63,5,1,URYDR,
191,144,49,5,1,RMER,
204,167,37,5,1,RMDVR,
198,173,40,5,1,SMDVR,
214,177,40,5,1,AVAR,
235,189,38,5,1,RMDR,
236,200,31,5,1,AVER,
261,202,55,5,1,RMDDR,
285,226,51,5,1,SMDDR,
253,246,40,5,1,RIMR,
223,237,24,5,1,AVDR,
204,233,34,5,1,AVBR,
363,370,62,5,1,notannotated,
383,415,58,5,1,notannotated,
286,211,83,5,1,SMDDL,
261,189,90,5,1,RMDDL,
249,175,102,5,1,RMDL,
240,170,106,5,1,AVEL,
235,156,107,5,1,AVAL,
222,143,110,5,1,RMDVL,
214,146,115,5,1,SMDVL,
201,126,108,5,1,RMEL,
202,191,111,5,1,M1,
255,219,122,5,1,RIML,
247,216,125,5,1,AVDL,
239,212,130,5,1,AVBL,
