#x, y, z, radius, shape, name, comment
266,149,72,5,1,SMDDR,
250,132,71,5,1,RMDDR,
235,131,51,5,1,RMDR,
228,120,57,5,1,AVER,
214,111,50,5,1,AVAR,
205,105,46,5,1,RMDVR,
192,81,55,5,1,RMER,
188,120,55,5,1,SMDVR,
225,171,32,5,1,AVDR,
239,186,42,5,1,AVBR,
259,198,58,5,1,RIMR,
370,371,84,5,1,notannotated,
363,341,92,5,1,notannotated,
355,322,87,5,1,notannotated,
293,232,114,5,1,notannotated,
266,143,103,5,1,SMDDL,
247,122,107,5,1,RMDDL,
230,108,118,5,1,RMDL,
220,104,121,5,1,AVEL,
214,90,124,5,1,AVAL,
205,82,127,5,1,RMDVL,
187,99,122,5,1,SMDVL,
183,140,110,5,1,M1,
236,148,139,5,1,RIML,
223,140,147,5,1,AVBL,
202,126,146,5,1,AVDL,
189,66,121,5,1,notannotated,
162,51,114,5,1,URYDL,
192,47,111,5,1,URYVL,
194,52,64,5,1,URYVR,
168,65,62,5,1,URYDR,
