#x, y, z, radius, shape, name, comment
164,246,30,5,1,AVDR,
171,240,23,5,1,AVBR,
198,233,23,5,1,RIMR,
187,196,44,5,1,AVER,
178,185,51,5,1,RMDR,
162,181,44,5,1,AVAR,
154,174,38,5,1,RMDVR,
144,190,58,5,1,SMDVR,
143,149,50,5,1,notannotated,
205,210,41,5,1,AIBR,
208,196,64,5,1,RMDDR,
225,221,57,5,1,SMDDR,
341,429,71,5,1,notannotated,
328,402,71,5,1,notannotated,
213,191,97,5,1,RMDDL,
227,209,96,5,1,SMDDL,
209,220,129,5,1,RIML,
201,206,131,5,1,AVDL,
190,201,132,5,1,AVBL,
167,207,117,5,1,M1,
186,175,108,5,1,RMDL,
181,156,113,5,1,AVAL,
168,148,115,5,1,RMDVL,
162,154,119,5,1,SMDVL,
